	﻿shop_id	excl_tax_sales_amount	sales_pharmaceuticals	sales_health_food	sales_medical_supplies	sales_baby_products	sales_food	sales_cosmetics	sales_beauty_goods	sales_daily_goods
1	0016	262775495	29579722	10883479	13194238	3418180	81570479	36425966	28251850	59451581
2	0071	4667163	1362430	250344	508927	38918	1114722	312324	286738	792760
3	0118	12203033	2786027	827977	688344	395013	2362670	1556110	1238215	2348677
4	0128	20769589	3228885	1326059	1394789	1493163	5071506	1942513	2022182	4290492
5	0134	151347392	18847503	7335862	8375953	3427014	47836459	20405047	12464235	32655319
6	0176	139486249	19136939	7682947	7349363	2943764	32488423	18722061	13529010	37633742
7	0201	271759476	35472950	12077403	14209396	5082357	70540682	44535603	30819894	59021191
8	0223	281565069	36324923	10360154	12449013	7215671	68882097	37511912	30401197	78420102
9	0224	9570637	2210914	823734	521872	482223	1457810	1382117	872826	1819141
10	0233	38813009	6945140	2528565	3184032	1027921	5462885	6203399	4301062	9160005
11	0235	203184316	26651764	9708523	12260958	5498351	32064097	32146261	26870376	57983986
12	0247	1046546765	102129487	34310195	41103283	20350954	365324505	134752677	100428227	248147437
13	0283	149779686	18486907	6580558	8722708	6080650	29872754	23512188	18820485	37703436
14	0291	90833566	14761323	4782876	5179285	658893	18944217	15275269	9457286	21774417
15	0302	378674285	47764091	14376074	19009144	5896120	113627318	56606335	34845024	86550179
16	0320	74440544	11489194	3084574	4069563	1838072	16095074	12099572	8157285	17607210
17	0327	381652840	42502579	13531244	15292238	6473250	134013101	46537761	34224523	89078144
18	0329	622263237	72605772	25079151	29085123	9697157	171431981	99145242	67107435	148111376
19	0336	149519265	20466440	6804377	8127247	3900751	32647525	21287315	18031158	38254452
20	0339	94492655	15873864	5690121	5665430	2141304	17203039	16566217	10428971	20923709
21	0344	105269898	20088651	5873728	7811712	1723994	22103885	16770570	11589002	19308356
22	0348	60504730	8984940	4381819	4375514	2043947	13250851	9874013	5588887	12004759
23	0352	103921687	14678090	6522542	6688355	3142641	18784962	14996260	12604854	26503983
24	0353	371240111	42388556	14567889	17319820	6887559	115782383	46749890	34025174	93518840
25	0357	26650055	4655807	1515493	1841623	504827	8203184	2545692	2632268	4751161
26	0360	565472294	62782722	20565827	22526860	13660342	188976322	82004682	52748955	122206584
27	0367	739035132	93050572	28622077	33484798	16341136	192912804	116097938	76787823	181737984
28	0372	77957000	12630702	5204690	5628528	1016238	12356220	13091199	10470210	17559213
29	0377	194869187	27126954	10925566	12291810	2667122	29337532	40456604	24739332	47324267
30	0381	704849685	88945073	26934576	34154079	21001299	181315256	117095224	82038155	153366023
31	0429	1109461491	105757892	38050065	40910047	17865534	443181940	111955319	83324923	268415771
32	0435	44436425	6512306	2486450	2718162	1438737	6399679	7226451	5676413	11978227
33	0481	511071259	60365130	18696709	23872863	13859982	149901385	71196989	53377836	119800365
34	0494	8966137	2175505	713008	625415	389774	1255370	1534592	917810	1354663
35	0498	566504664	66454253	23907236	34237545	10476256	152133268	88893596	61078587	129323923
36	0518	227178433	31138051	12083963	12048153	4712334	42852047	34766402	28549260	61028223
37	0538	145009236	22144556	8384320	8157581	3050922	33644040	20784742	14089711	34753364
38	0574	826402003	78289978	28015834	31255629	15439386	309272535	98337886	73463743	192327012
39	0576	1029788281	86694724	39421611	41738821	12689466	466810655	105079962	85190000	192163042
40	0579	91021194	14115548	4676238	4674122	2269282	13824394	15977409	10735408	24748793
41	0580	645301240	69497823	22750768	25308212	13665199	216400923	83500892	64520166	149657257
42	0620	820417482	97338429	31179253	35120231	18442251	251946898	115992003	83058771	187339646
43	0621	997088770	84159171	30261783	33795184	18597260	437936030	92610945	82658470	217069927
44	0625	1063106466	114113055	39424540	43973258	19792355	394434135	134971880	104000201	212397042
45	0626	70327154	13545628	3810661	4602493	1973874	8192695	12795902	8710859	16695042
46	0636	838420651	104750992	32527535	32685000	15886901	310547291	101070915	72264919	168687098
47	0638	85671707	16733199	6081578	5898391	3210056	10443141	14277355	9802929	19225058
48	0689	287678662	36701120	14143894	14633762	9633666	51008102	50836431	38240702	72480985
49	0703	316958632	38611939	14267323	19081351	9735503	50486739	55021748	39758596	89995433
50	0715	808693731	70846037	22899050	27285201	13768914	353376074	79852456	61210696	179455303
51	0731	602612017	65426243	24229104	29042887	10797785	197595531	86009201	57544616	131966650
52	0795	1048244025	84044393	31423643	36989162	19838133	410597412	127137372	95435126	242778784
53	0803	704980693	82330549	27764921	30215924	18652541	197637516	118384887	74758437	155235918
54	0828	876720700	92071803	35602192	36951736	14503740	317748335	98909700	82690712	198242482
55	0830	1164398471	138060377	41149017	50439346	26722682	353708189	177031067	128194894	249092899
56	0836	919785886	84283323	28938197	31643282	14162285	382857256	95933347	71265740	210702456
57	0848	1155550104	110307702	39879905	42654645	21456947	477499907	126079083	94497305	243174610
58	0856	564335971	62652250	21478702	27140870	14103308	157892610	79995583	60281234	140791414
59	0909	856719751	78877310	28519488	33214304	13292690	341064205	88405324	73703400	199643030
60	0941	680037693	74553066	25523558	27616711	13714669	224377676	81587192	71230018	161434803
61	0949	18209046	3671638	1551480	1380104	967932	3235538	2181973	1654218	3566163
62	0954	836673992	89789856	27782269	34994899	18289149	301516634	97501328	78124376	188675481
63	0975	1314911937	117565456	38258019	55219139	20032395	545387117	143678098	113779396	280992317
64	0992	718143089	68268591	25446168	29657219	15891678	245463429	96871015	77725246	158819743
65	1032	738890218	76201178	26889089	32264818	13791909	302396062	87109871	66966978	133270313
66	1069	3145254857	314044613	90391396	117704993	35101523	1267475483	387026154	284007287	649503408
67	1137	566319287	66087288	23882050	29234345	14715769	109313620	88602837	68503125	165980253
68	1148	972324920	78961945	27441602	37585312	14707253	432754313	102830907	77346555	200697033
69	1154	1050892655	103255120	36533712	43580357	25903120	359914066	142009823	103608244	236088213
70	1163	1705017192	131138454	62456535	69950869	37067349	686055029	226516480	151507415	340325061
71	1168	473493097	64133480	21623990	24442554	13436339	88471214	75709407	60759596	124916517
72	1176	674577490	66432231	21727213	25970943	15318557	263953334	76103279	60952773	144119160
73	1193	1187087566	94306569	41840806	48480610	18015583	460094511	136474677	113118527	274756283
74	1207	1230011993	106275741	36781698	47358680	24515448	485319352	147689795	111980717	270090562
75	1293	1307680788	115149392	37076891	52790468	34322298	497816660	150970154	119031127	300523798
76	1325	786022839	71803168	28805066	32999751	15378602	266029420	117183844	78529586	175293402
77	1363	853723538	70283808	26239883	30722622	13868456	368720447	94614698	69622181	179651443
78	1365	1179782674	112490534	42525859	49187617	28220931	430757888	158424231	117630556	240545058
79	1388	1435085512	137648972	60317781	59159332	21093685	511080979	183744819	145623953	316415991
80	1397	1045609667	92705587	35550474	42140234	18188789	441139367	107321037	89668693	218895486
81	1398	508136705	53263899	23399634	24689697	10965839	180607268	67528324	44834483	102847561
82	1437	93514	23987	16920	3373	0	49204	0	0	30
83	1450	1235347682	104767469	38565495	52594032	23135466	480951624	144811392	112920041	277602163
84	1452	834611935	70080446	30956792	31164866	14517788	344810419	95484714	70163631	177433279
85	1460	959211963	80397411	33951430	36181911	22311092	337627151	132643293	102885605	213214070
86	1473	1379207179	114535320	46050915	49439825	25331316	586330296	156533507	122402186	278583814
87	1475	1336791600	115492323	46661386	49512519	32725989	523840895	161049847	127946371	279562270
88	1481	1074943480	96415965	34533111	40911503	25369479	395946242	126977980	101519699	253269501
89	1530	654798303	66030295	22189132	28410401	14243194	235846982	80334563	63719585	144024151
90	1534	842820489	77157572	26630785	33119879	19508650	308676311	109793217	80448977	187485098
91	1553	1120041150	102916686	34565973	45833302	27184931	422951323	128276257	97782171	260530507
92	1577	558220727	70337624	22536577	24026571	5760730	206385678	83017300	50075212	96081035
93	1588	994639002	86716841	32376465	37939653	10107056	438007151	122122677	89018818	178350341
94	1597	1229156281	104831202	37404574	45700972	23740216	540539836	118054313	107655340	251229828
95	1621	1604751259	103432915	40799576	45757521	12282351	780201924	166623277	121521512	334132183
96	1638	960962981	108393497	35038156	44522569	20776985	310086750	121053947	94438398	226652679
97	1647	1400493217	105156528	38706798	47823168	29214696	622422107	127666485	113760723	315742712
98	1652	365948408	44294724	17086096	17964196	3315746	129787086	51791023	36492603	65216934
99	1654	1188779929	100736663	40885222	46014658	30111918	486462842	117685752	106303274	260579600
100	1678	140915250	0	496396	0	66791	70233359	2686	100966	70015052
101	1724	1032330946	79325407	32843591	38144067	15865200	482605559	106107469	88875052	188564601
102	1726	1110153522	91299623	31071224	43887494	22296925	454550564	117419503	95449028	254179161
103	1741	696427272	49667710	22044657	30840465	14021926	302808633	87970434	59931633	129141814
104	1763	425230328	43907430	17783409	20912166	3343936	159933216	54840594	39636306	84873271
105	1766	1242655496	94513866	41527937	54784156	16648636	569616945	134853005	105152672	225558279
106	1767	57050	7967	12301	1880	0	32672	0	615	1615
107	1817	670344386	54166095	20833836	25262925	16390696	279835809	70214794	56662041	146978190
108	1844	910593620	72804656	29860671	35289929	20707856	364907187	95376973	80935857	210710491
109	1858	401048899	37957939	19775055	14997510	3442856	186165884	40555080	34403402	63751173
